[강의자료]
M
7
0 6 2 0 0 0 0
0 0 0 5 0 0 0
0 7 1 0 3 8 0
0 0 0 0 0 0 3
0 0 0 4 0 0 0
0 0 0 0 0 0 1
0 0 0 0 10 0 0

L
7
1
2 6
3 2
2
4 5
3
2 7
5 3
6 8
4
7 3
5
4 4
6
7 1
7
5 10
[Shortest Path 2 강의자료]
M
6
0 3 0 7 0 0
0 0 4 5 0 0
0 0 0 0 3 0
0 0 0 0 9 1
0 0 0 0 0 0
0 -6 0 0 0 0

L
6
1
2 3
4 7
2
3 4
4 5
3
5 3
6 6
4
5 9
6 1
5
6
2 -6

[MST 강의자료]
L
8
1
2 2
3 8
2
3 7
4 9
3
4 4
5 10
6 12
4
5
6 6
7 14
6
7
8 3
8

M
8
0 2 8 0 0 0 0 0
0 0 7 9 0 0 0 0
0 0 0 4 10 12 0 0
0 0 0 0 0 0 0 0
0 0 0 0 0 6 14 0
0 0 0 0 0 0 0 0
0 0 0 0 0 0 0 3
0 0 0 0 0 0 0 0